0, 9702, 1637;
1, 17633, 1611;
2, 12089, 1705;
3, 20034, 1649;
4, 21840, 1610;
5, 17622, 1686;
6, 18972, 1616;
7, 14136, 1744;
8, 16376, 1639;
9, 10528, 1672;
10, 7616, 1676;
11, 6832, 1735;
12, 5376, 1781;
13, 5376, 1789;
14, 4592, 1760;
15, 3955, 1687;
16, 3648, 1734;
17, 3616, 1631;
18, 3040, 1716;
19, 1664, 1734;
20, 1377, 1769;
21, 1320, 1758;
22, 1320, 1721;
23, 792, 1779;
24, 592, 1899;
25, 555, 1713;
26, 555, 1799;
27, 370, 1782;
28, 370, 1752;
29, 285, 1768;
30, 190, 1796;
31, 190, 1860;
32, 190, 1779;
33, 190, 1775;
34, 180, 1813;
35, 126, 1837;
36, 144, 1805;
37, 144, 1793;
38, 144, 1769;
39, 144, 1806;
40, 90, 1965;
41, 90, 1852;
42, 90, 1774;
43, 90, 1837;
44, 72, 1878;
45, 56, 1873;
46, 56, 1863;
47, 56, 1859;
48, 56, 1911;
49, 48, 1916;
50, 52, 1839;
51, 52, 1815;
52, 52, 1870;
53, 48, 1888;
54, 28, 2075;
55, 28, 1973;
56, 20, 1939;
57, 12, 1974;
58, 16, 1948;
59, 12, 1993;
60, 12, 1965;
61, 12, 1984;
62, 8, 2012;
63, 8, 1975;
64, 12, 2046;
65, 8, 2012;
66, 6, 2080;
67, 6, 2023;
68, 8, 2029;
69, 6, 2077;
70, 6, 1982;
71, 6, 1983;
72, 6, 2018;
73, 6, 2032;
74, 6, 2003;
75, 6, 2119;
76, 6, 2044;
77, 6, 1988;
78, 4, 2012;
79, 4, 1999;
80, 4, 2024;
81, 4, 1999;
82, 4, 2104;
83, 4, 2094;
84, 4, 2110;
85, 2, 2187;
86, 2, 2086;
87, 2, 2218;
88, 2, 2178;
89, 2, 2244;
90, 2, 2094;
91, 2, 2097;
92, 2, 2092;
93, 2, 2215;
94, 2, 2170;
95, 2, 2059;
96, 2, 2203;
97, 2, 2155;
98, 2, 2204;
99, 2, 2109;
