0, 60180, 1407;
1, 40629, 1384;
2, 54400, 1325;
3, 25500, 1399;
4, 34125, 1424;
5, 27588, 1396;
6, 34485, 1378;
7, 27965, 1415;
8, 27710, 1426;
9, 29232, 1416;
10, 26400, 1419;
11, 18984, 1417;
12, 25500, 1386;
13, 22500, 1415;
14, 19810, 1446;
15, 15450, 1474;
16, 12051, 1520;
17, 11934, 1460;
18, 6120, 1438;
19, 3260, 1510;
20, 6120, 1444;
21, 2142, 1509;
22, 3042, 1370;
23, 2782, 1501;
24, 2912, 1456;
25, 2688, 1478;
26, 2912, 1500;
27, 1568, 1490;
28, 2016, 1429;
29, 2016, 1503;
30, 1575, 1601;
31, 995, 1627;
32, 1393, 1547;
33, 1218, 1544;
34, 828, 1630;
35, 1242, 1506;
36, 760, 1567;
37, 1140, 1518;
38, 760, 1611;
39, 752, 1572;
40, 664, 1638;
41, 396, 1747;
42, 393, 1693;
43, 261, 1694;
44, 261, 1650;
45, 261, 1711;
46, 261, 1729;
47, 261, 1679;
48, 261, 1609;
49, 261, 1658;
50, 261, 1619;
51, 261, 1695;
52, 261, 1710;
53, 138, 1820;
54, 132, 1802;
55, 94, 1892;
56, 80, 1946;
57, 80, 1793;
58, 80, 1807;
59, 80, 1803;
60, 80, 1713;
61, 68, 1773;
62, 68, 1829;
63, 68, 1754;
64, 38, 1888;
65, 38, 1821;
66, 26, 1983;
67, 28, 1939;
68, 28, 1800;
69, 18, 1848;
70, 22, 1860;
71, 22, 1887;
72, 22, 1875;
73, 22, 1876;
74, 22, 1809;
75, 20, 1865;
76, 20, 1856;
77, 20, 1841;
78, 20, 1921;
79, 20, 1878;
80, 18, 1910;
81, 18, 1880;
82, 18, 1894;
83, 18, 1870;
84, 18, 1896;
85, 12, 1979;
86, 14, 1890;
87, 14, 1765;
88, 14, 1853;
89, 10, 2053;
90, 10, 1887;
91, 10, 1931;
92, 6, 2118;
93, 6, 2166;
94, 6, 2080;
95, 4, 2039;
96, 4, 1940;
97, 4, 2053;
98, 4, 2071;
99, 4, 2058;
