0, 59772, 1424;
1, 10478, 1520;
2, 16275, 1482;
3, 21762, 1402;
4, 14336, 1548;
5, 12280, 1513;
6, 5219, 1608;
7, 4797, 1531;
8, 6396, 1530;
9, 3360, 1488;
10, 4200, 1503;
11, 4710, 1491;
12, 7228, 1465;
13, 4710, 1534;
14, 2976, 1549;
15, 1524, 1524;
16, 1405, 1666;
17, 1140, 1619;
18, 888, 1625;
19, 990, 1643;
20, 550, 1703;
21, 540, 1702;
22, 540, 1707;
23, 540, 1639;
24, 540, 1682;
25, 540, 1695;
26, 378, 1585;
27, 398, 1753;
28, 352, 1745;
29, 344, 1724;
30, 308, 1700;
31, 308, 1726;
32, 308, 1703;
33, 320, 1693;
34, 292, 1689;
35, 276, 1777;
36, 260, 1661;
37, 228, 1737;
38, 210, 1821;
39, 146, 1796;
40, 146, 1806;
41, 138, 1841;
42, 122, 1682;
43, 130, 1771;
44, 92, 1753;
45, 92, 1759;
46, 92, 1789;
47, 74, 1810;
48, 74, 1745;
49, 48, 1835;
50, 54, 1873;
51, 32, 1883;
52, 56, 1858;
53, 32, 1825;
54, 56, 1804;
55, 32, 1934;
56, 20, 1840;
57, 20, 1928;
58, 20, 1929;
59, 20, 1812;
60, 16, 1995;
61, 16, 1809;
62, 12, 1847;
63, 10, 1920;
64, 10, 1950;
65, 10, 1800;
66, 10, 1963;
67, 8, 1975;
68, 8, 2050;
69, 8, 2036;
70, 6, 2096;
71, 6, 1936;
72, 6, 2000;
73, 6, 1990;
74, 6, 1954;
75, 4, 2095;
76, 4, 2097;
77, 4, 2078;
78, 4, 2096;
79, 4, 2083;
80, 4, 1961;
81, 4, 1937;
82, 4, 2033;
83, 2, 2143;
84, 4, 1976;
85, 4, 2055;
86, 4, 2144;
87, 4, 2020;
88, 4, 2083;
89, 4, 2082;
90, 4, 2061;
91, 2, 2134;
92, 2, 2157;
93, 2, 2160;
94, 2, 2205;
95, 2, 2171;
96, 2, 2062;
97, 2, 2129;
98, 2, 2040;
99, 2, 2074;
100, 2, 2131;
101, 2, 2175;
102, 2, 2194;
103, 2, 2188;
104, 2, 2165;
105, 2, 2087;
106, 2, 2197;
107, 2, 2143;
108, 2, 2177;
109, 2, 2168;
110, 2, 2171;
111, 2, 2148;
112, 2, 2038;
113, 2, 2106;
114, 2, 2135;
115, 2, 2098;
116, 2, 2141;
117, 2, 2173;
118, 2, 2144;
119, 2, 2180;
120, 2, 2258;
121, 2, 2142;
122, 2, 2171;
123, 2, 2088;
124, 2, 2101;
125, 2, 2192;
126, 2, 2162;
127, 2, 2119;
128, 2, 2095;
129, 2, 2108;
130, 2, 2182;
131, 2, 2147;
132, 2, 2180;
133, 2, 2217;
134, 2, 2152;
135, 2, 2173;
136, 2, 2161;
137, 2, 2170;
138, 2, 2097;
139, 2, 2208;
140, 2, 2166;
141, 2, 2272;
142, 2, 2118;
143, 2, 2104;
144, 2, 2108;
145, 2, 2151;
146, 2, 2154;
147, 2, 2140;
148, 2, 2179;
149, 2, 2153;
150, 2, 2138;
151, 2, 2121;
152, 2, 2038;
153, 2, 2145;
154, 2, 2240;
155, 2, 2105;
156, 2, 2082;
157, 2, 2171;
158, 2, 2163;
159, 2, 2134;
160, 2, 2029;
161, 2, 2170;
162, 2, 2103;
163, 2, 2260;
164, 2, 2145;
165, 2, 2223;
166, 2, 2192;
167, 2, 2144;
168, 2, 2161;
169, 2, 2076;
170, 2, 2178;
171, 2, 2169;
172, 2, 2142;
173, 2, 2211;
174, 2, 2160;
175, 2, 2208;
176, 2, 2158;
177, 2, 2197;
178, 2, 2219;
179, 2, 2147;
180, 2, 2133;
181, 2, 2125;
182, 2, 2280;
183, 2, 2187;
184, 2, 2090;
185, 2, 2194;
186, 2, 2113;
187, 2, 2131;
188, 2, 2115;
189, 2, 2170;
190, 2, 2137;
191, 2, 2119;
192, 2, 2088;
193, 2, 2094;
194, 2, 2127;
195, 2, 2156;
196, 2, 2100;
197, 2, 2071;
198, 2, 2104;
199, 2, 2069;
