0, 237, 2434;
1, 143, 2037;
2, 190, 2132;
3, 94, 2220;
4, 346, 1854;
5, 128, 1956;
6, 128, 1874;
7, 128, 1786;
8, 128, 1753;
9, 128, 1709;
10, 70, 1732;
11, 58, 1776;
12, 78, 1819;
13, 68, 1750;
14, 60, 1692;
15, 60, 1782;
16, 58, 1783;
17, 46, 1792;
18, 69, 1684;
19, 56, 1778;
20, 36, 1805;
21, 32, 1824;
22, 68, 1760;
23, 76, 1709;
24, 32, 1856;
25, 58, 1719;
26, 46, 1794;
27, 52, 1770;
28, 58, 1811;
29, 56, 1824;
30, 50, 1799;
31, 56, 1780;
32, 52, 1756;
33, 42, 1773;
34, 42, 1800;
35, 34, 1698;
36, 54, 1791;
37, 28, 1818;
38, 40, 1846;
39, 36, 1867;
40, 46, 1835;
41, 36, 1799;
42, 38, 1852;
43, 34, 1884;
44, 34, 1786;
45, 34, 1884;
46, 40, 1864;
47, 36, 1907;
48, 48, 1829;
49, 48, 1818;
50, 40, 1813;
51, 20, 1837;
52, 44, 1810;
53, 36, 1858;
54, 54, 1782;
55, 28, 1737;
56, 46, 1655;
57, 50, 1809;
58, 50, 1811;
59, 50, 1803;
60, 52, 1761;
61, 36, 1796;
62, 28, 1834;
63, 34, 1727;
64, 44, 1855;
65, 48, 1831;
66, 38, 1836;
67, 46, 1783;
68, 38, 1740;
69, 42, 1875;
70, 28, 1864;
71, 24, 1818;
72, 26, 1873;
73, 30, 1850;
74, 22, 1825;
