0, 345, 2425;
1, 40, 2345;
2, 40, 2361;
3, 21, 2159;
4, 30, 2185;
5, 210, 1925;
6, 116, 1859;
7, 120, 1827;
8, 110, 1790;
9, 130, 1843;
10, 84, 1851;
11, 115, 1839;
12, 84, 1822;
13, 75, 1804;
14, 28, 1815;
15, 34, 1921;
16, 34, 1924;
17, 28, 1917;
18, 34, 1853;
19, 28, 1932;
20, 20, 1839;
21, 38, 1947;
22, 30, 1945;
23, 34, 1859;
24, 38, 1886;
25, 40, 1908;
26, 36, 1915;
27, 38, 1992;
28, 26, 2002;
29, 32, 1860;
30, 28, 2030;
31, 30, 1925;
32, 26, 1925;
33, 34, 1930;
34, 36, 1904;
35, 18, 1975;
36, 24, 1979;
37, 26, 1959;
38, 24, 1874;
39, 22, 2035;
40, 22, 1993;
41, 34, 1874;
42, 30, 1956;
43, 30, 1919;
44, 28, 1992;
45, 30, 1837;
46, 28, 1963;
47, 32, 1932;
48, 26, 1946;
49, 26, 1927;
50, 20, 1886;
51, 20, 1946;
52, 22, 1990;
53, 22, 1942;
54, 32, 1864;
55, 32, 1946;
56, 28, 1868;
57, 30, 1950;
58, 28, 1931;
59, 22, 1983;
