0, 8239, 244;
1, 7668, 246;
2, 4620, 243;
3, 1815, 257;
4, 605, 219;
5, 242, 225;
6, 140, 244;
7, 140, 283;
8, 66, 213;
9, 48, 245;
10, 38, 235;
11, 24, 233;
12, 40, 247;
13, 24, 247;
14, 34, 258;
15, 30, 272;
16, 34, 264;
17, 24, 252;
18, 34, 250;
19, 32, 254;
20, 32, 248;
21, 20, 250;
22, 36, 263;
23, 22, 238;
24, 32, 250;
25, 18, 252;
26, 44, 266;
27, 26, 248;
28, 26, 254;
29, 22, 249;
30, 30, 258;
31, 10, 220;
32, 18, 240;
33, 18, 237;
34, 24, 234;
35, 22, 260;
36, 22, 255;
37, 18, 239;
38, 16, 236;
39, 18, 251;
40, 18, 240;
41, 24, 254;
42, 22, 230;
43, 22, 249;
44, 22, 248;
45, 20, 254;
46, 32, 260;
47, 14, 239;
48, 18, 263;
49, 14, 242;
50, 12, 240;
51, 32, 278;
52, 14, 231;
53, 20, 235;
54, 20, 260;
55, 26, 260;
56, 20, 237;
57, 26, 252;
58, 20, 244;
59, 32, 242;
60, 24, 261;
61, 14, 261;
62, 24, 255;
63, 30, 261;
64, 26, 251;
65, 26, 268;
66, 18, 256;
67, 12, 244;
68, 14, 242;
69, 22, 268;
70, 18, 262;
71, 20, 244;
72, 18, 264;
73, 18, 247;
74, 18, 250;
