0, 36735, 368;
1, 36735, 368;
2, 22869, 368;
3, 38841, 367;
4, 28626, 368;
5, 28626, 368;
6, 23932, 368;
7, 18392, 364;
8, 17608, 368;
9, 15290, 368;
10, 16298, 368;
11, 16298, 368;
12, 15624, 368;
13, 11572, 368;
14, 11528, 368;
15, 11880, 368;
16, 11880, 368;
17, 10472, 368;
18, 8888, 368;
19, 8225, 368;
20, 5550, 363;
21, 3774, 356;
22, 4095, 360;
23, 4095, 358;
24, 2310, 355;
25, 2310, 359;
26, 4095, 362;
27, 3192, 359;
28, 2667, 360;
29, 2363, 360;
30, 2641, 362;
31, 2502, 358;
32, 2196, 356;
33, 1178, 350;
34, 2641, 357;
35, 1748, 347;
36, 1463, 345;
37, 1350, 358;
38, 1368, 348;
39, 1008, 341;
40, 896, 346;
41, 952, 342;
42, 880, 341;
43, 1232, 344;
44, 680, 328;
45, 680, 330;
46, 506, 330;
47, 430, 314;
48, 387, 306;
49, 405, 319;
50, 369, 316;
51, 378, 320;
52, 336, 320;
53, 336, 317;
54, 336, 325;
55, 336, 320;
56, 287, 315;
57, 280, 322;
58, 287, 321;
59, 280, 313;
60, 280, 309;
61, 280, 318;
62, 140, 284;
63, 154, 297;
64, 104, 261;
65, 88, 263;
66, 88, 267;
67, 64, 270;
68, 72, 260;
69, 56, 263;
70, 48, 262;
71, 39, 265;
72, 28, 265;
73, 21, 231;
74, 28, 239;
75, 20, 245;
76, 14, 242;
77, 14, 237;
78, 10, 205;
79, 16, 262;
80, 12, 231;
81, 14, 248;
82, 8, 226;
83, 8, 223;
84, 10, 210;
85, 10, 235;
86, 8, 231;
87, 8, 235;
88, 8, 235;
89, 8, 241;
90, 8, 241;
91, 8, 218;
92, 8, 241;
93, 8, 253;
94, 8, 230;
95, 8, 253;
96, 8, 237;
97, 4, 204;
98, 8, 228;
99, 8, 242;
