0, 62410, 339;
1, 262508, 359;
2, 121435, 359;
3, 82460, 359;
4, 76866, 359;
5, 41580, 359;
6, 27540, 358;
7, 22344, 359;
8, 19950, 358;
9, 18198, 358;
10, 12030, 357;
11, 11931, 358;
12, 8651, 358;
13, 6456, 358;
14, 4080, 357;
15, 4080, 355;
16, 4060, 355;
17, 2700, 355;
18, 2295, 351;
19, 2016, 348;
20, 2014, 347;
21, 975, 337;
22, 975, 341;
23, 975, 338;
24, 980, 341;
25, 924, 342;
26, 910, 341;
27, 980, 339;
28, 507, 329;
29, 504, 320;
30, 455, 325;
31, 429, 322;
32, 390, 321;
33, 286, 307;
34, 242, 302;
35, 126, 287;
36, 198, 316;
37, 153, 324;
38, 130, 298;
39, 168, 303;
40, 105, 290;
41, 85, 283;
42, 60, 270;
43, 36, 218;
44, 36, 257;
45, 24, 229;
46, 22, 265;
47, 22, 260;
48, 26, 249;
49, 22, 254;
50, 22, 252;
51, 20, 235;
52, 20, 254;
53, 20, 265;
54, 12, 215;
55, 12, 201;
56, 12, 250;
57, 10, 225;
58, 6, 189;
59, 6, 238;
60, 8, 239;
61, 6, 220;
62, 6, 236;
63, 4, 212;
64, 4, 221;
65, 4, 228;
66, 4, 226;
67, 4, 229;
68, 2, 172;
69, 2, 199;
70, 2, 243;
71, 2, 193;
72, 2, 216;
73, 2, 209;
74, 2, 207;
75, 2, 266;
76, 2, 210;
77, 2, 206;
78, 0, 212;
79, 0, 156;
80, 0, 169;
81, 0, 187;
82, 0, 209;
83, 0, 144;
84, 0, -1;
85, 0, 178;
86, 0, 182;
87, 0, 199;
88, 0, -1;
89, 0, -1;
90, 0, 193;
91, 0, 208;
92, 0, -1;
93, 0, 227;
94, 0, 193;
95, 0, -1;
96, 0, -1;
97, 0, -1;
98, 0, 137;
99, 0, 199;
100, 0, -1;
101, 0, 201;
102, 0, -1;
103, 0, 151;
104, 0, 212;
105, 0, 199;
106, 0, 220;
107, 0, 208;
108, 0, -1;
109, 0, 177;
110, 0, 178;
111, 0, 202;
112, 0, 143;
113, 0, 184;
114, 0, 177;
115, 0, -1;
116, 0, 217;
117, 0, 166;
118, 0, 185;
119, 0, -1;
120, 0, -1;
121, 0, 205;
122, 0, 162;
123, 0, 172;
124, 0, 168;
125, 0, 210;
126, 0, 191;
127, 0, 169;
128, 0, 193;
129, 0, -1;
130, 0, 177;
131, 0, 202;
132, 0, -1;
133, 0, 173;
134, 0, 185;
135, 0, 208;
136, 0, 169;
137, 0, -1;
138, 0, -1;
139, 0, 155;
140, 0, -1;
141, 0, -1;
142, 0, -1;
143, 0, 177;
144, 0, 180;
145, 0, 172;
146, 0, -1;
147, 0, 228;
148, 0, 187;
149, 0, 176;
150, 0, -1;
151, 0, 164;
152, 0, 188;
153, 0, 225;
154, 0, 183;
155, 0, 199;
156, 0, 210;
157, 0, 147;
158, 0, 163;
159, 0, 186;
160, 0, 210;
161, 0, 178;
162, 0, -1;
163, 0, 184;
164, 0, 157;
165, 0, 207;
166, 0, -1;
167, 0, 191;
168, 0, 166;
169, 0, 170;
170, 0, 198;
171, 0, 176;
172, 0, 205;
173, 0, 186;
174, 0, 181;
175, 0, 168;
176, 0, 168;
177, 0, -1;
178, 0, 199;
179, 0, 211;
180, 0, 191;
181, 0, 191;
182, 0, -1;
183, 0, -1;
184, 0, -1;
185, 0, 175;
186, 0, -1;
187, 0, 178;
188, 0, 119;
189, 0, 115;
190, 0, -1;
191, 0, 187;
192, 0, 186;
193, 0, 223;
194, 0, 172;
195, 0, 154;
196, 0, -1;
197, 0, 148;
198, 0, -1;
199, 0, 131;
