0, 415, 238;
1, 415, 223;
2, 415, 210;
3, 415, 214;
4, 360, 230;
5, 156, 253;
6, 104, 196;
7, 94, 225;
8, 50, 215;
9, 50, 228;
10, 50, 236;
11, 36, 210;
12, 38, 223;
13, 48, 232;
14, 20, 219;
15, 28, 229;
16, 20, 215;
17, 22, 222;
18, 28, 232;
19, 24, 230;
20, 32, 241;
21, 12, 231;
22, 12, 240;
23, 14, 225;
24, 14, 234;
25, 10, 220;
26, 14, 225;
27, 6, 221;
28, 6, 218;
29, 14, 226;
30, 12, 225;
31, 12, 227;
32, 10, 226;
33, 12, 212;
34, 8, 227;
35, 8, 230;
36, 8, 230;
37, 6, 217;
38, 8, 232;
39, 6, 223;
40, 6, 212;
41, 6, 219;
42, 8, 209;
43, 6, 196;
44, 2, 212;
45, 4, 190;
46, 4, 219;
47, 4, 220;
48, 4, 199;
49, 4, 204;
50, 4, 199;
51, 4, 213;
52, 2, 217;
53, 2, 190;
54, 2, 213;
55, 2, 188;
56, 2, 220;
57, 0, 180;
58, 0, 207;
59, 0, 160;
