0, 3408, 294;
1, 2414, 299;
2, 2414, 310;
3, 2079, 303;
4, 2784, 309;
5, 2310, 311;
6, 2292, 313;
7, 2316, 316;
8, 1650, 313;
9, 1638, 315;
10, 1470, 312;
11, 1820, 318;
12, 1529, 309;
13, 1661, 319;
14, 805, 301;
15, 868, 307;
16, 504, 280;
17, 483, 292;
18, 329, 294;
19, 282, 279;
20, 235, 276;
21, 140, 256;
22, 144, 259;
23, 96, 258;
24, 92, 250;
25, 92, 259;
26, 69, 250;
27, 69, 240;
28, 54, 232;
29, 26, 224;
30, 50, 235;
31, 34, 232;
32, 42, 232;
33, 36, 232;
34, 16, 209;
35, 18, 223;
36, 14, 197;
37, 12, 209;
38, 12, 206;
39, 12, 223;
40, 12, 222;
41, 8, 212;
42, 6, 212;
43, 12, 213;
44, 8, 191;
45, 8, 209;
46, 8, 206;
47, 8, 204;
48, 4, 186;
49, 4, 195;
50, 2, 186;
51, 2, 174;
52, 2, 182;
53, 0, 124;
54, 0, 163;
55, 0, 191;
56, 0, 180;
57, 0, 168;
58, 0, 185;
59, 0, -1;
60, 0, 160;
61, 0, 136;
62, 0, 169;
63, 0, 112;
64, 0, 145;
65, 0, 174;
66, 0, -1;
67, 0, 206;
68, 0, -1;
69, 0, 172;
70, 0, 204;
71, 0, -1;
72, 0, 177;
73, 0, 155;
74, 0, 202;
75, 0, 192;
76, 0, 165;
77, 0, 194;
78, 0, 175;
79, 0, 195;
80, 0, -1;
81, 0, -1;
82, 0, -1;
83, 0, -1;
84, 0, 200;
85, 0, 209;
86, 0, -1;
87, 0, 133;
88, 0, 164;
89, 0, 153;
90, 0, 195;
91, 0, 119;
92, 0, 170;
93, 0, 162;
94, 0, 152;
95, 0, 164;
96, 0, 166;
97, 0, 163;
98, 0, -1;
99, 0, 155;
