0, 34263, 1509;
1, 38950, 1416;
2, 19032, 1508;
3, 30096, 1448;
4, 18480, 1444;
5, 24102, 1443;
6, 16632, 1452;
7, 9765, 1483;
8, 10697, 1459;
9, 7030, 1455;
10, 8607, 1472;
11, 5343, 1575;
12, 4056, 1496;
13, 4056, 1543;
14, 4290, 1514;
15, 4173, 1512;
16, 2464, 1581;
17, 1778, 1517;
18, 1542, 1659;
19, 1701, 1588;
20, 1566, 1623;
21, 1038, 1598;
22, 705, 1672;
23, 402, 1719;
24, 465, 1675;
25, 268, 1727;
26, 254, 1745;
27, 182, 1721;
28, 174, 1754;
29, 150, 1789;
30, 92, 1835;
31, 150, 1765;
32, 110, 1766;
33, 86, 1761;
34, 88, 1790;
35, 88, 1781;
36, 98, 1787;
37, 88, 1743;
38, 64, 1869;
39, 64, 1829;
40, 42, 1743;
41, 32, 1921;
42, 26, 1918;
43, 28, 1821;
44, 16, 1949;
45, 20, 1991;
46, 10, 2004;
47, 8, 2020;
48, 4, 2045;
49, 2, 2176;
50, 4, 1999;
51, 2, 2032;
52, 2, 2116;
53, 2, 2117;
54, 2, 2060;
55, 2, 2121;
56, 2, 2110;
57, 2, 2123;
58, 2, 2061;
59, 2, 2065;
60, 2, 1990;
61, 2, 2024;
62, 2, 1985;
63, 2, 2094;
64, 2, 2066;
65, 2, 2110;
66, 2, 2105;
67, 2, 2093;
68, 2, 2082;
69, 2, 2129;
70, 2, 2124;
71, 2, 2141;
72, 2, 2094;
73, 2, 2144;
74, 2, 2049;
75, 2, 2111;
76, 2, 2147;
77, 2, 2035;
78, 2, 2115;
79, 2, 2073;
80, 2, 2071;
81, 2, 2147;
82, 2, 2045;
83, 2, 2054;
84, 2, 2123;
85, 2, 2150;
86, 2, 2120;
87, 2, 2129;
88, 2, 2000;
89, 2, 2037;
90, 2, 2091;
91, 2, 2076;
92, 2, 2149;
93, 2, 2055;
94, 2, 2038;
95, 2, 2048;
96, 2, 2127;
97, 2, 2113;
98, 2, 2059;
99, 2, 2027;
