0, 6097, 1611;
1, 7236, 1620;
2, 2479, 1589;
3, 2479, 1571;
4, 1656, 1639;
5, 1608, 1507;
6, 1287, 1613;
7, 858, 1639;
8, 686, 1557;
9, 407, 1654;
10, 407, 1564;
11, 360, 1642;
12, 286, 1716;
13, 324, 1680;
14, 352, 1668;
15, 319, 1644;
16, 162, 1743;
17, 315, 1664;
18, 396, 1610;
19, 140, 1711;
20, 150, 1738;
21, 144, 1717;
22, 91, 1818;
23, 50, 1790;
24, 65, 1694;
25, 27, 1908;
26, 20, 1945;
27, 10, 1899;
28, 10, 1934;
29, 10, 1911;
30, 6, 2014;
31, 6, 1989;
32, 6, 1977;
33, 6, 1901;
34, 4, 2068;
35, 2, 2114;
36, 2, 2127;
37, 2, 2136;
38, 2, 2105;
39, 2, 2109;
40, 2, 2146;
41, 2, 2121;
42, 2, 2165;
43, 2, 2156;
44, 2, 2010;
45, 2, 2076;
46, 2, 2128;
47, 2, 2097;
48, 2, 2154;
49, 2, 2133;
