0, 73440, 1475;
1, 27117, 1548;
2, 24080, 1315;
3, 29400, 1451;
4, 15870, 1590;
5, 15916, 1516;
6, 15407, 1504;
7, 12059, 1454;
8, 6107, 1568;
9, 6773, 1518;
10, 6400, 1567;
11, 2844, 1660;
12, 2548, 1595;
13, 1863, 1642;
14, 1990, 1559;
15, 1290, 1612;
16, 819, 1705;
17, 864, 1600;
18, 465, 1794;
19, 558, 1710;
20, 276, 1692;
21, 224, 1649;
22, 354, 1687;
23, 86, 1736;
24, 172, 1679;
25, 81, 1816;
26, 68, 1844;
27, 32, 1928;
28, 24, 1919;
29, 18, 1931;
30, 24, 1894;
31, 12, 1956;
32, 8, 2047;
33, 6, 2051;
34, 6, 1984;
35, 6, 1938;
36, 12, 1972;
37, 8, 1982;
38, 8, 1958;
39, 6, 1957;
40, 6, 1955;
41, 4, 2010;
42, 4, 2073;
43, 2, 2072;
44, 2, 2075;
45, 2, 2063;
46, 2, 2087;
47, 2, 2127;
48, 2, 2110;
49, 2, 2147;
50, 2, 2116;
51, 2, 2042;
52, 2, 2157;
53, 2, 2117;
54, 2, 2196;
55, 2, 2119;
56, 2, 2157;
57, 2, 2144;
58, 2, 2184;
59, 2, 2185;
60, 2, 2158;
61, 2, 1971;
62, 2, 2035;
63, 2, 2166;
64, 2, 2057;
65, 2, 2122;
66, 2, 2117;
67, 2, 2091;
68, 2, 2110;
69, 2, 2122;
70, 2, 2081;
71, 2, 2107;
72, 2, 2074;
73, 2, 2076;
74, 2, 2185;
