0, 128612, 372;
1, 20435, 370;
2, 43332, 373;
3, 25620, 372;
4, 19890, 372;
5, 9460, 362;
6, 6293, 369;
7, 7344, 370;
8, 5450, 370;
9, 4175, 368;
10, 4342, 369;
11, 2464, 367;
12, 2604, 366;
13, 1180, 357;
14, 1020, 360;
15, 832, 356;
16, 874, 354;
17, 782, 350;
18, 897, 356;
19, 702, 361;
20, 559, 350;
21, 559, 350;
22, 400, 342;
23, 165, 319;
24, 124, 316;
25, 70, 306;
26, 32, 283;
27, 32, 290;
28, 8, 276;
29, 8, 238;
30, 4, 236;
31, 4, 262;
32, 2, 268;
33, 2, 271;
34, 2, 256;
35, 2, 247;
36, 0, 243;
37, 0, 267;
38, 0, 255;
39, 0, 266;
40, 0, 253;
41, 0, 245;
42, 0, 246;
43, 0, 241;
44, 0, 246;
45, 0, 249;
46, 0, 263;
47, 0, 254;
48, 0, 245;
49, 0, 252;
50, 0, 251;
51, 0, 251;
52, 0, 250;
53, 0, 253;
54, 0, 272;
55, 0, 246;
56, 0, 240;
57, 0, 235;
58, 0, 250;
59, 0, 236;
60, 0, 247;
61, 0, 248;
62, 0, 289;
63, 0, 251;
64, 0, 269;
65, 0, 259;
66, 0, 257;
67, 0, 260;
68, 0, 240;
69, 0, 250;
70, 0, 243;
71, 0, 255;
72, 0, 234;
73, 0, 242;
74, 0, 264;
