0, 5550, 270;
1, 5550, 266;
2, 3328, 269;
3, 9050, 282;
4, 4715, 282;
5, 3078, 285;
6, 1672, 261;
7, 1557, 264;
8, 620, 248;
9, 590, 248;
10, 504, 255;
11, 268, 224;
12, 120, 224;
13, 135, 221;
14, 94, 205;
15, 60, 192;
16, 60, 198;
17, 60, 208;
18, 48, 210;
19, 54, 204;
20, 42, 202;
21, 44, 208;
22, 44, 212;
23, 30, 185;
24, 30, 193;
25, 30, 198;
26, 20, 191;
27, 20, 185;
28, 12, 205;
29, 16, 197;
30, 16, 182;
31, 10, 174;
32, 18, 184;
33, 8, 165;
34, 18, 182;
35, 16, 185;
36, 10, 137;
37, 10, 195;
38, 10, 166;
39, 8, 181;
40, 6, 198;
41, 6, 110;
42, 6, 150;
43, 2, 115;
44, 4, 146;
45, 2, 151;
46, 2, -1;
47, 2, -1;
48, 2, -1;
49, 2, -1;
