0, 280, 330.400167;
1, 280, 273.272652;
2, 51, 302.788391;
3, 119, 276.410011;
4, 102, 273.272715;
5, 70, 273.272690;
6, 70, 273.274136;
7, 48, 277.802211;
8, 33, 273.432170;
9, 30, 273.298369;
10, 27, 273.736298;
11, 24, 274.604402;
12, 24, 273.476870;
13, 18, 274.217711;
14, 18, 273.645279;
15, 15, 277.166679;
16, 15, 273.917698;
17, 15, 276.410841;
18, 15, 275.333690;
19, 15, 273.284031;
20, 15, 274.876293;
21, 15, 273.500429;
22, 15, 276.683911;
23, 15, 276.450362;
24, 15, 275.241519;
25, 15, 276.423171;
26, 15, 273.520567;
27, 15, 273.525342;
28, 15, 277.484894;
29, 15, 274.458480;
30, 15, 276.410200;
31, 15, 273.545364;
32, 15, 279.679108;
33, 15, 275.319830;
34, 15, 273.637534;
35, 15, 275.228331;
36, 15, 273.670352;
37, 15, 273.818236;
38, 15, 276.430214;
39, 15, 274.340547;
40, 15, 276.755423;
41, 15, 276.975161;
42, 15, 278.032841;
43, 15, 274.219911;
44, 15, 276.409999;
45, 15, 274.900120;
46, 15, 275.645504;
47, 15, 273.733126;
48, 15, 273.879152;
49, 15, 275.633098;
50, 15, 273.442554;
51, 15, 277.215786;
52, 15, 273.670290;
53, 15, 284.986773;
54, 15, 276.416676;
55, 15, 274.312497;
56, 15, 274.323637;
57, 15, 274.059069;
58, 15, 275.496988;
59, 15, 273.965450;
60, 15, 275.509027;
61, 15, 276.449736;
62, 15, 274.844104;
63, 15, 273.448300;
64, 15, 273.891153;
65, 15, 273.784646;
66, 15, 274.675532;
67, 15, 274.716878;
68, 15, 273.614815;
69, 15, 273.524776;
70, 15, 276.672253;
71, 15, 276.959568;
72, 15, 275.159355;
73, 15, 277.057807;
74, 15, 275.139599;
