0, 14310, 273.272651;
1, 10304, 273.272651;
2, 5475, 273.272651;
3, 4453, 273.272651;
4, 3660, 273.272651;
5, 3120, 273.272651;
6, 2652, 273.272651;
7, 2419, 273.272651;
8, 1845, 273.272651;
9, 1452, 273.272651;
10, 1548, 273.272651;
11, 1152, 273.272651;
12, 1122, 273.272651;
13, 891, 273.272651;
14, 770, 273.272651;
15, 612, 273.272651;
16, 495, 273.272651;
17, 544, 273.272651;
18, 544, 273.272651;
19, 462, 273.272651;
20, 377, 273.272651;
21, 372, 273.272651;
22, 319, 273.272651;
23, 264, 273.272651;
24, 308, 273.272651;
25, 308, 273.272651;
26, 216, 273.272651;
27, 234, 273.272651;
28, 189, 273.272651;
29, 189, 273.272651;
30, 156, 273.272651;
31, 156, 273.272651;
32, 78, 276.409972;
33, 69, 292.242844;
34, 63, 273.272652;
35, 57, 278.453533;
36, 51, 276.409972;
37, 45, 273.274212;
38, 48, 273.272653;
39, 45, 273.272725;
40, 42, 273.272776;
41, 42, 273.273128;
42, 42, 273.272713;
43, 36, 273.272796;
44, 36, 273.275656;
45, 30, 276.411304;
46, 30, 273.379048;
47, 27, 273.286755;
48, 24, 273.560757;
49, 21, 274.162886;
50, 21, 273.647235;
51, 21, 273.495472;
52, 18, 276.549437;
53, 18, 273.486925;
54, 18, 276.415138;
55, 15, 276.081048;
56, 15, 273.384496;
57, 15, 276.865720;
58, 15, 274.076654;
59, 15, 273.831127;
60, 15, 273.659302;
61, 15, 276.679041;
62, 15, 274.878975;
63, 15, 275.863817;
64, 15, 273.559692;
65, 15, 273.328687;
66, 15, 275.762899;
67, 15, 273.467940;
68, 15, 274.726846;
69, 15, 273.476107;
70, 15, 276.784679;
71, 15, 280.109709;
72, 15, 274.876233;
73, 15, 273.536330;
74, 15, 274.098645;
75, 15, 275.276912;
76, 15, 274.536915;
77, 15, 274.096550;
78, 15, 273.795679;
79, 15, 273.600454;
80, 15, 276.825301;
81, 15, 276.498050;
82, 15, 275.762904;
83, 15, 274.956113;
84, 15, 278.036225;
85, 15, 275.042008;
86, 15, 273.382914;
87, 15, 273.459231;
88, 15, 275.414135;
89, 15, 273.288667;
90, 15, 275.656194;
91, 15, 273.705574;
92, 15, 274.100509;
93, 15, 276.800627;
94, 15, 275.202657;
95, 15, 274.051620;
96, 15, 276.545310;
97, 15, 275.799108;
98, 15, 273.491292;
99, 15, 276.460080;
