0, 252, 298.179917;
1, 252, 273.272715;
2, 252, 279.208807;
3, 252, 353.896620;
4, 252, 273.272652;
5, 252, 273.272651;
6, 252, 273.272656;
7, 220, 276.409979;
8, 165, 273.272692;
9, 126, 276.409972;
10, 112, 273.272678;
11, 88, 276.410084;
12, 72, 276.410849;
13, 56, 274.558007;
14, 49, 277.147017;
15, 42, 274.267625;
16, 35, 273.279345;
17, 28, 273.279558;
18, 21, 274.350580;
19, 18, 273.474347;
20, 18, 274.200207;
21, 18, 273.634341;
22, 15, 273.681048;
23, 15, 274.223817;
24, 15, 276.415556;
25, 15, 274.518696;
26, 15, 273.423805;
27, 15, 273.722904;
28, 15, 275.312369;
29, 15, 273.428834;
30, 15, 274.450566;
31, 15, 275.917898;
32, 15, 274.006114;
33, 15, 274.281247;
34, 15, 273.477246;
35, 15, 275.033843;
36, 15, 276.091935;
37, 15, 274.086764;
38, 15, 277.108849;
39, 15, 276.415607;
40, 15, 274.137009;
41, 15, 273.568952;
42, 15, 273.490646;
43, 15, 274.771658;
44, 15, 274.180811;
45, 15, 275.047038;
46, 15, 275.326617;
47, 15, 273.734107;
48, 15, 275.264353;
49, 15, 277.108066;
50, 15, 274.095302;
51, 15, 277.350789;
52, 15, 274.178172;
53, 15, 277.810370;
54, 15, 273.458140;
55, 15, 276.595475;
56, 15, 274.095602;
57, 15, 276.992517;
58, 15, 276.836021;
59, 15, 276.234810;
