0, 22788, 273.272651;
1, 18348, 273.272651;
2, 5481, 273.272651;
3, 5481, 273.272651;
4, 5481, 273.272651;
5, 13514, 273.272651;
6, 10791, 273.272651;
7, 10791, 273.272651;
8, 10593, 273.272651;
9, 8679, 273.272651;
10, 8534, 273.272651;
11, 7279, 273.272651;
12, 7627, 273.272651;
13, 8283, 273.272651;
14, 7279, 273.272651;
15, 6820, 273.272651;
16, 7037, 273.272651;
17, 7161, 273.272651;
18, 6355, 273.272651;
19, 6150, 273.272651;
20, 6150, 273.272651;
21, 6150, 273.272651;
22, 5423, 273.272651;
23, 4980, 273.272651;
24, 4814, 273.272651;
25, 4147, 273.272651;
26, 4147, 273.272651;
27, 3799, 273.272651;
28, 3720, 273.272651;
29, 3219, 273.272651;
30, 2929, 273.272651;
31, 3080, 273.272651;
32, 2640, 273.272651;
33, 2640, 273.272651;
34, 2640, 273.272651;
35, 2180, 273.272651;
36, 2289, 273.272651;
37, 2289, 273.272651;
38, 2289, 273.272651;
39, 1890, 273.272651;
40, 1848, 273.272651;
41, 1701, 273.272651;
42, 1596, 273.272651;
43, 2058, 273.272651;
44, 1596, 273.272651;
45, 2058, 273.272651;
46, 1785, 273.272651;
47, 1740, 273.272651;
48, 1780, 273.272651;
49, 1539, 273.272651;
50, 1620, 273.272651;
51, 1328, 273.272651;
52, 1216, 273.272651;
53, 1280, 273.272651;
54, 1440, 273.272651;
55, 1440, 273.272651;
56, 1292, 273.272651;
57, 1207, 273.272651;
58, 1184, 273.272651;
59, 1003, 273.272651;
60, 1125, 273.272651;
61, 885, 273.272651;
62, 885, 273.272651;
63, 720, 273.272651;
64, 624, 273.272651;
65, 594, 273.272681;
66, 528, 273.272682;
67, 550, 273.272667;
68, 528, 273.272664;
69, 528, 273.272652;
70, 528, 273.272652;
71, 378, 273.272662;
72, 387, 273.272674;
73, 351, 273.275150;
74, 351, 273.273447;
75, 351, 273.272675;
76, 351, 273.272684;
77, 333, 273.272661;
78, 304, 273.272855;
79, 304, 273.272690;
80, 256, 273.277542;
81, 256, 273.272897;
82, 224, 273.360757;
83, 210, 273.274181;
84, 180, 273.388343;
85, 186, 273.272948;
86, 180, 273.273286;
87, 180, 273.280632;
88, 155, 273.280402;
89, 155, 273.307513;
90, 150, 273.285795;
91, 150, 273.280502;
92, 150, 273.338605;
93, 140, 273.273408;
94, 140, 273.395374;
95, 140, 273.349271;
96, 130, 273.836296;
97, 135, 273.305450;
98, 125, 273.327567;
99, 135, 273.323436;
