0, 2852, 273.272651;
1, 11264, 273.272651;
2, 5457, 273.272651;
3, 3502, 273.272651;
4, 2576, 273.272651;
5, 2295, 273.272651;
6, 2200, 273.272651;
7, 1610, 273.272651;
8, 1748, 273.272651;
9, 1260, 273.272651;
10, 1092, 273.272651;
11, 832, 273.272651;
12, 675, 273.272651;
13, 546, 273.272651;
14, 540, 273.272651;
15, 468, 273.272651;
16, 396, 273.272651;
17, 340, 273.272651;
18, 248, 330.400109;
19, 270, 273.272651;
20, 208, 273.272651;
21, 200, 273.272651;
22, 144, 273.272651;
23, 115, 273.272653;
24, 96, 273.272651;
25, 80, 273.272651;
26, 72, 273.272712;
27, 51, 298.179924;
28, 60, 273.272651;
29, 45, 273.272677;
30, 45, 273.272654;
31, 42, 273.272837;
32, 36, 273.275403;
33, 36, 273.274049;
34, 30, 273.340159;
35, 27, 276.453945;
36, 24, 274.339542;
37, 21, 299.088078;
38, 18, 280.618038;
39, 18, 276.560838;
40, 15, 276.254079;
41, 15, 276.451682;
42, 15, 276.410442;
43, 15, 276.453690;
44, 15, 274.545115;
45, 15, 273.335113;
46, 15, 275.619911;
47, 15, 273.365299;
48, 15, 276.531431;
49, 15, 274.272786;
