0, 12628, 273.272651;
1, 18055, 273.272651;
2, 7360, 273.272651;
3, 7812, 273.272651;
4, 4896, 273.272651;
5, 4896, 273.272651;
6, 3953, 273.272651;
7, 4012, 273.272651;
8, 3363, 273.272651;
9, 2142, 273.272651;
10, 1974, 273.272651;
11, 1764, 273.272651;
12, 1558, 273.272651;
13, 1368, 273.272651;
14, 1050, 273.272651;
15, 962, 273.272651;
16, 936, 273.272651;
17, 726, 273.272651;
18, 693, 273.272651;
19, 627, 273.272651;
20, 510, 273.272651;
21, 448, 273.272651;
22, 555, 273.272651;
23, 444, 273.272651;
24, 392, 273.272651;
25, 330, 273.272651;
26, 270, 273.272651;
27, 243, 273.272651;
28, 182, 273.272651;
29, 144, 276.648396;
30, 140, 273.272651;
31, 80, 276.409972;
32, 48, 276.409973;
33, 45, 298.179917;
34, 42, 276.410080;
35, 42, 273.272652;
36, 36, 273.284153;
37, 36, 273.273450;
38, 33, 298.179921;
39, 33, 273.282652;
40, 27, 273.766164;
41, 27, 273.597778;
42, 27, 273.383423;
43, 21, 273.540996;
44, 21, 273.282115;
45, 21, 274.403795;
46, 21, 273.561173;
47, 21, 273.340427;
48, 18, 274.167254;
49, 18, 273.686960;
50, 15, 278.133220;
51, 15, 273.801617;
52, 15, 275.648935;
53, 15, 273.428164;
54, 15, 279.429260;
55, 15, 274.156371;
56, 15, 276.265191;
57, 15, 276.484780;
58, 15, 276.558871;
59, 15, 275.666367;
60, 15, 275.380516;
61, 15, 274.629352;
62, 15, 273.403086;
63, 15, 275.500531;
64, 15, 282.832296;
65, 15, 274.192081;
66, 15, 273.841531;
67, 15, 276.350357;
68, 15, 274.306122;
69, 15, 274.412112;
70, 15, 275.702420;
71, 15, 276.036542;
72, 15, 276.647466;
73, 15, 273.929744;
74, 15, 275.487804;
