0, 1890, 273.272651;
1, 3717, 273.272651;
2, 3717, 273.272651;
3, 3717, 273.272651;
4, 3127, 273.272651;
5, 2862, 273.272651;
6, 2862, 273.272651;
7, 2596, 273.272651;
8, 2244, 273.272651;
9, 2160, 273.272651;
10, 1880, 273.272651;
11, 1880, 273.272651;
12, 1840, 273.272651;
13, 1520, 276.409972;
14, 1520, 273.272651;
15, 1280, 273.272651;
16, 1353, 273.272651;
17, 1147, 273.272651;
18, 1092, 273.272651;
19, 1131, 273.272651;
20, 936, 273.272651;
21, 988, 273.272651;
22, 874, 273.272651;
23, 713, 273.272651;
24, 748, 273.272651;
25, 735, 273.272651;
26, 576, 273.272651;
27, 627, 273.272651;
28, 570, 273.272651;
29, 496, 273.272651;
30, 512, 273.272651;
31, 403, 273.272651;
32, 434, 273.272651;
33, 350, 273.272651;
34, 325, 273.272651;
35, 312, 273.272651;
36, 252, 273.272651;
37, 253, 273.272651;
38, 253, 273.272651;
39, 253, 273.272651;
40, 200, 273.272651;
41, 189, 273.272651;
42, 153, 273.272655;
43, 136, 273.272651;
44, 119, 276.409972;
45, 119, 273.272651;
46, 96, 273.272651;
47, 85, 273.272653;
48, 65, 273.272683;
49, 52, 298.179918;
50, 55, 273.274235;
51, 33, 276.430852;
52, 36, 273.274665;
53, 33, 275.111422;
54, 27, 276.570309;
55, 27, 276.445170;
56, 27, 273.341316;
57, 24, 298.192363;
58, 24, 273.275627;
59, 21, 286.550954;
60, 21, 276.202489;
61, 21, 273.305425;
62, 18, 274.826789;
63, 18, 273.406007;
64, 18, 273.600576;
65, 18, 274.805673;
66, 15, 278.246981;
67, 15, 274.516591;
68, 15, 280.711431;
69, 15, 276.166437;
70, 15, 280.637507;
71, 15, 273.697052;
72, 15, 274.578697;
73, 15, 276.410178;
74, 15, 280.877566;
75, 15, 274.200475;
76, 15, 273.955192;
77, 15, 274.765102;
78, 15, 275.433868;
79, 15, 273.476661;
80, 15, 280.817629;
81, 15, 274.783486;
82, 15, 276.632630;
83, 15, 277.362872;
84, 15, 295.115674;
85, 15, 276.415484;
86, 15, 275.139596;
87, 15, 276.904179;
88, 15, 273.462286;
89, 15, 273.341608;
90, 15, 273.447351;
91, 15, 276.082265;
92, 15, 276.545072;
93, 15, 276.378871;
94, 15, 277.023247;
95, 15, 273.711241;
96, 15, 279.017609;
97, 15, 273.817142;
98, 15, 277.843691;
99, 15, 276.432115;
100, 15, 274.699072;
101, 15, 273.470157;
102, 15, 276.584212;
103, 15, 295.121527;
104, 15, 275.547960;
105, 15, 273.496462;
106, 15, 280.284431;
107, 15, 273.641026;
108, 15, 276.686428;
109, 15, 273.610494;
110, 15, 273.326069;
111, 15, 276.438391;
112, 15, 273.476307;
113, 15, 276.072442;
114, 15, 274.392026;
115, 15, 275.308069;
116, 15, 277.165355;
117, 15, 273.403399;
118, 15, 280.156290;
119, 15, 277.235688;
120, 15, 275.249124;
121, 15, 277.399768;
122, 15, 282.927154;
123, 15, 281.458602;
124, 15, 279.987117;
125, 15, 273.429130;
126, 15, 276.692118;
127, 15, 276.412193;
128, 15, 273.645869;
129, 15, 274.840014;
130, 15, 274.803700;
131, 15, 275.641796;
132, 15, 281.375895;
133, 15, 274.673270;
134, 15, 274.420645;
135, 15, 273.321995;
136, 15, 283.499081;
137, 15, 276.692579;
138, 15, 276.423830;
139, 15, 273.867203;
140, 15, 273.499232;
141, 15, 275.084888;
142, 15, 276.748986;
143, 15, 275.403849;
144, 15, 277.322821;
145, 15, 282.666173;
146, 15, 277.207733;
147, 15, 281.908856;
148, 15, 274.705116;
149, 15, 278.303983;
150, 15, 275.949633;
151, 15, 275.127245;
152, 15, 277.262749;
153, 15, 277.132062;
154, 15, 273.299447;
155, 15, 276.431198;
156, 15, 277.224748;
157, 15, 275.966029;
158, 15, 275.078476;
159, 15, 276.533281;
160, 15, 274.148600;
161, 15, 277.323772;
162, 15, 273.700794;
163, 15, 274.790930;
164, 15, 274.769106;
165, 15, 276.411091;
166, 15, 273.404439;
167, 15, 276.070857;
168, 15, 281.191303;
169, 15, 276.862474;
170, 15, 274.022911;
171, 15, 277.902848;
172, 15, 273.531993;
173, 15, 278.020660;
174, 15, 273.522226;
175, 15, 276.219055;
176, 15, 276.131189;
177, 15, 276.639093;
178, 15, 274.058492;
179, 15, 273.729947;
180, 15, 277.417524;
181, 15, 274.349854;
182, 15, 279.699192;
183, 15, 276.789949;
184, 15, 275.678357;
185, 15, 273.807151;
186, 15, 275.778122;
187, 15, 284.249302;
188, 15, 274.545300;
189, 15, 276.656763;
190, 15, 274.992241;
191, 15, 276.659239;
192, 15, 273.443569;
193, 15, 274.298613;
194, 15, 279.863199;
195, 15, 275.457657;
196, 15, 281.882220;
197, 15, 273.726248;
198, 15, 273.942398;
199, 15, 276.694391;
