0, 2280, 273.272652;
1, 1311, 273.272651;
2, 1368, 273.272651;
3, 5757, 273.272651;
4, 4848, 273.272651;
5, 960, 273.272651;
6, 960, 276.409972;
7, 836, 273.272651;
8, 680, 298.179917;
9, 672, 273.272651;
10, 629, 276.409972;
11, 595, 273.272651;
12, 629, 273.272651;
13, 576, 273.272651;
14, 462, 273.272651;
15, 561, 273.272651;
16, 495, 273.272651;
17, 527, 273.272651;
18, 405, 273.272651;
19, 364, 273.272651;
20, 390, 273.272651;
21, 312, 273.272651;
22, 308, 273.272651;
23, 243, 273.272651;
24, 234, 273.272651;
25, 234, 273.272651;
26, 198, 273.272651;
27, 161, 273.272651;
28, 161, 273.272651;
29, 161, 273.272651;
30, 138, 273.272651;
31, 132, 273.272651;
32, 110, 273.272651;
33, 100, 273.272651;
34, 84, 273.272651;
35, 63, 273.272651;
36, 57, 298.179936;
37, 57, 274.291816;
38, 48, 273.272656;
39, 45, 347.074868;
40, 45, 273.273165;
41, 45, 273.272667;
42, 39, 280.089474;
43, 39, 273.273268;
44, 39, 273.272712;
45, 33, 273.300798;
46, 33, 273.281329;
47, 33, 276.410248;
48, 27, 273.272884;
49, 27, 273.377612;
50, 27, 273.309017;
51, 27, 273.362618;
52, 24, 273.650351;
53, 24, 273.579921;
54, 21, 273.287903;
55, 21, 273.867010;
56, 21, 275.186972;
57, 21, 273.473858;
58, 18, 273.396727;
59, 18, 273.560187;
60, 18, 274.287664;
61, 15, 274.998832;
62, 15, 276.412757;
63, 15, 280.224971;
64, 15, 274.732382;
65, 15, 283.188247;
66, 15, 273.674171;
67, 15, 276.894594;
68, 15, 275.154690;
69, 15, 274.327140;
70, 15, 274.699750;
71, 15, 275.917132;
72, 15, 277.633816;
73, 15, 274.295940;
74, 15, 283.425539;
75, 15, 275.081621;
76, 15, 273.506981;
77, 15, 275.328592;
78, 15, 276.477603;
79, 15, 278.838486;
80, 15, 273.584133;
81, 15, 273.938545;
82, 15, 274.636382;
83, 15, 274.236185;
84, 15, 274.292059;
85, 15, 278.116823;
86, 15, 281.910924;
87, 15, 280.820531;
88, 15, 276.418089;
89, 15, 273.292439;
90, 15, 276.454234;
91, 15, 283.495329;
92, 15, 277.361066;
93, 15, 277.759198;
94, 15, 273.519382;
95, 15, 281.239399;
96, 15, 280.483316;
97, 15, 278.775268;
98, 15, 273.337017;
99, 15, 275.110064;
100, 15, 282.582979;
101, 15, 277.905324;
102, 15, 273.647388;
103, 15, 285.807969;
104, 15, 276.469421;
105, 15, 287.103845;
106, 15, 276.407345;
107, 15, 274.254408;
108, 15, 274.549299;
109, 15, 274.166853;
110, 15, 275.183843;
111, 15, 273.789282;
112, 15, 274.992491;
113, 15, 276.189459;
114, 15, 283.453031;
115, 15, 277.372830;
116, 15, 273.377563;
117, 15, 276.221179;
118, 15, 279.473136;
119, 15, 276.889447;
120, 15, 276.835797;
121, 15, 277.334214;
122, 15, 274.976853;
123, 15, 275.049443;
124, 15, 277.040795;
125, 15, 276.474535;
126, 15, 274.055028;
127, 15, 277.794383;
128, 15, 276.422878;
129, 15, 275.724248;
130, 15, 273.698447;
131, 15, 276.894202;
132, 15, 274.873952;
133, 15, 273.915077;
134, 15, 282.304709;
135, 15, 274.780739;
136, 15, 278.902360;
137, 15, 279.446424;
138, 15, 284.254867;
139, 15, 275.275378;
140, 15, 273.421023;
141, 15, 293.775809;
142, 15, 273.956827;
143, 15, 277.601726;
144, 15, 276.285440;
145, 15, 275.147612;
146, 15, 276.457857;
147, 15, 273.948314;
148, 15, 284.186108;
149, 15, 278.546831;
150, 15, 279.728665;
151, 15, 277.505021;
152, 15, 274.793389;
153, 15, 274.591970;
154, 15, 276.876806;
155, 15, 273.712232;
156, 15, 276.509582;
157, 15, 278.005695;
158, 15, 274.028123;
159, 15, 277.521995;
160, 15, 283.867253;
161, 15, 276.496741;
162, 15, 274.934498;
163, 15, 275.840529;
164, 15, 273.799679;
165, 15, 276.863183;
166, 15, 279.734277;
167, 15, 274.132172;
168, 15, 273.350617;
169, 15, 274.015980;
170, 15, 276.423847;
171, 15, 276.857270;
172, 15, 273.280750;
173, 15, 274.619609;
174, 15, 282.019524;
175, 15, 290.094330;
176, 15, 276.592343;
177, 15, 274.472859;
178, 15, 273.401085;
179, 15, 280.148295;
180, 15, 283.624816;
181, 15, 274.145226;
182, 15, 278.379043;
183, 15, 274.301508;
184, 15, 274.903086;
185, 15, 278.395306;
186, 15, 276.487391;
187, 15, 276.889367;
188, 15, 277.007294;
189, 15, 274.630196;
190, 15, 274.362965;
191, 15, 276.516547;
192, 15, 273.689079;
193, 15, 276.500657;
194, 15, 274.580613;
195, 15, 277.168713;
196, 15, 278.870734;
197, 15, 276.540106;
198, 15, 278.009006;
199, 15, 278.753163;
